height: 1080
width: 1920
distortion_model: "rational_polynomial"
D: [-0.1269125424187082, 0.08472977776858055, 0.36834095572628567, -0.27857771753696225, 0.0]
K: [1166.271789008082, 0.0, 959.0530108632893, 0.0, 1167.7222552768242, 544.1763261328632, 0.0, 0.0, 1.0]


  
  
  
